-------------------------------------------------------------
----------------------- !PROPERTIES! ------------------------
-------------------------------------------------------------
# -----------------------------------------------------------
$ SCF_Energy
   description: The SCF energy
   geom. index: 1
   prop. index: 1
        SCF Energy:    -2950.8787887427
# -----------------------------------------------------------
$ DFT_Energy
   description: The DFT energy
   geom. index: 1
   prop. index: 1
   Number of Alpha Electrons                141.9998793809 
   Number of Beta  Electrons                141.9998793809 
   Total number of  Electrons               283.9997587618 
   Exchange energy                         -219.6630855553 
   Correlation energy                       -11.9335472401 
   Correlation energy NL                      0.0000000000 
   Exchange-Correlation energy             -231.5966327954 
   Embedding correction                       0.0000000000 
   Total DFT Energy (No VdW correction)   -2950.8787887427 
# -----------------------------------------------------------
$ Mayer_Pop
   description: The Mayer population analysis
   geom. index: 1
   prop. index: 1
     Number of atoms                     : 59
     Threshold for printing              : 0.1000000
     Number of bond orders printed       : 68
  NA   - Mulliken gross atomic population
  ZA   - Total nuclear charge
  QA   - Mulliken gross atomic charge
  VA   - Mayer's total valence
  BVA  - Mayer's bonded valence
  FA   - Mayer's free valence
  ATOM       NA         ZA         QA         VA         BVA        FA
  0   0     6.1979     6.0000    -0.1979     3.8955     3.8955     0.0000
  1   0     6.1939     6.0000    -0.1939     3.8908     3.8908     0.0000
  2   0     5.7784     6.0000     0.2216     3.7646     3.7646    -0.0000
  3   0     5.7717     6.0000     0.2283     3.8178     3.8178     0.0000
  4   0     7.0374     7.0000    -0.0374     3.1491     3.1491    -0.0000
  5   0     6.3069     6.0000    -0.3069     3.8033     3.8033     0.0000
  6   0     5.7754     6.0000     0.2246     3.8319     3.8319     0.0000
  7   0     7.0405     7.0000    -0.0405     3.1641     3.1641    -0.0000
  8   0     5.7374     6.0000     0.2626     3.7037     3.7037    -0.0000
  9   0     6.1925     6.0000    -0.1925     3.8985     3.8985    -0.0000
 10   0     6.1901     6.0000    -0.1901     3.8888     3.8888    -0.0000
 11   0     6.3798     6.0000    -0.3798     3.9117     3.9117    -0.0000
 12   0     5.7348     6.0000     0.2652     3.6998     3.6998     0.0000
 13   0     7.0433     7.0000    -0.0433     3.1670     3.1670    -0.0000
 14   0     6.1914     6.0000    -0.1914     3.8984     3.8984    -0.0000
 15   0     6.1895     6.0000    -0.1895     3.8894     3.8894    -0.0000
 16   0     5.7742     6.0000     0.2258     3.8294     3.8294    -0.0000
 17   0     7.0335     7.0000    -0.0335     3.1567     3.1567    -0.0000
 18   0     5.7748     6.0000     0.2252     3.7631     3.7631     0.0000
 19   0     6.1952     6.0000    -0.1952     3.8923     3.8923     0.0000
 20   0     6.1965     6.0000    -0.1965     3.8959     3.8959     0.0000
 21   0     6.3556     6.0000    -0.3556     3.8060     3.8060     0.0000
 22   0     6.2999     6.0000    -0.2999     3.8081     3.8081     0.0000
 23   0     5.7778     6.0000     0.2222     3.8421     3.8421    -0.0000
 24   0     0.8945     1.0000     0.1055     0.9787     0.9787     0.0000
 25   0     0.8953     1.0000     0.1047     0.9783     0.9783    -0.0000
 26   0     0.8989     1.0000     0.1011     0.9769     0.9769     0.0000
 27   0     0.8937     1.0000     0.1063     0.9784     0.9784    -0.0000
 28   0     0.8927     1.0000     0.1073     0.9778     0.9778     0.0000
 29   0     0.9042     1.0000     0.0958     0.9792     0.9792    -0.0000
 30   0     0.8943     1.0000     0.1057     0.9783     0.9783    -0.0000
 31   0     0.8934     1.0000     0.1066     0.9777     0.9777    -0.0000
 32   0     0.8955     1.0000     0.1045     0.9784     0.9784     0.0000
 33   0     0.8950     1.0000     0.1050     0.9787     0.9787    -0.0000
 34   0     0.9047     1.0000     0.0953     0.9806     0.9806     0.0000
 35   0     0.8996     1.0000     0.1004     0.9767     0.9767     0.0000
 36   0    26.2094    26.0000    -0.2094     5.0373     5.0373     0.0000
 37   0     7.4760     7.0000    -0.4760     2.9373     2.9373     0.0000
 38   0     5.9020     6.0000     0.0980     3.7225     3.7225    -0.0000
 39   0     5.7169     6.0000     0.2831     4.3158     4.3158    -0.0000
 40   0     8.3794     8.0000    -0.3794     2.0983     2.0983     0.0000
 41   0     8.3082     8.0000    -0.3082     2.1740     2.1740     0.0000
 42   0     6.3733     6.0000    -0.3733     3.9175     3.9175     0.0000
 43   0     0.8628     1.0000     0.1372     0.9851     0.9851     0.0000
 44   0     0.8717     1.0000     0.1283     0.9731     0.9731     0.0000
 45   0     5.7830     6.0000     0.2170     3.6074     3.6074    -0.0000
 46   0     7.2703     7.0000    -0.2703     3.3980     3.3980    -0.0000
 47   0     5.9505     6.0000     0.0495     3.9584     3.9584     0.0000
 48   0     0.8104     1.0000     0.1896     0.9531     0.9531     0.0000
 49   0     7.0237     7.0000    -0.0237     3.1233     3.1233     0.0000
 50   0     6.1765     6.0000    -0.1765     4.0518     4.0518    -0.0000
 51   0     0.8262     1.0000     0.1738     0.9499     0.9499    -0.0000
 52   0     0.7800     1.0000     0.2200     0.9669     0.9669    -0.0000
 53   0     0.7830     1.0000     0.2170     0.9590     0.9590     0.0000
 54   0     0.7979     1.0000     0.2021     0.9662     0.9662    -0.0000
 55   0     0.8802     1.0000     0.1198     0.9964     0.9964     0.0000
 56   0     0.6753     1.0000     0.3247     0.9293     0.9293     0.0000
 57   0     8.2218     8.0000    -0.2218     1.8719     1.8719    -0.0000
 58   0     7.9913     8.0000     0.0087     2.2238     2.2238     0.0000
      Bond orders larger than 0.1000000
           Atom A     A.N. of A          Atom B    A.N. of B              Bond order
                0             6               1            6                1.635058
                0             6               3            6                1.105060
                0             6              24            1                0.993307
                1             6               2            6                1.107504
                1             6              25            1                0.994955
                2             6               4            7                1.243095
                2             6              21            6                1.275801
                3             6               4            7                1.252537
                3             6               5            6                1.301736
                4             7              36           26                0.625053
                5             6               6            6                1.298987
                5             6              26            1                0.996125
                6             6               7            7                1.248901
                6             6               9            6                1.110116
                7             7               8            6                1.211201
                7             7              36           26                0.679903
                8             6              10            6                1.109649
                8             6              11            6                1.276263
                9             6              10            6                1.632377
                9             6              27            1                0.992670
               10             6              28            1                0.992844
               11             6              12            6                1.276363
               11             6              29            1                1.012852
               12             6              13            7                1.209903
               12             6              15            6                1.109190
               13             7              23            6                1.250512
               13             7              36           26                0.681063
               14             6              15            6                1.633146
               14             6              23            6                1.110082
               14             6              30            1                0.991836
               15             6              31            1                0.992582
               16             6              17            7                1.254830
               16             6              20            6                1.104937
               16             6              22            6                1.303940
               17             7              18            6                1.243228
               17             7              36           26                0.629476
               18             6              19            6                1.108119
               18             6              21            6                1.273185
               19             6              20            6                1.635736
               19             6              32            1                0.994572
               20             6              33            1                0.993244
               21             6              34            1                1.021650
               22             6              23            6                1.300882
               22             6              35            1                0.994852
               36            26              49            7                0.483123
               36            26              57            8                0.510517
               36            26              58            8                1.009814
               37             7              38            6                0.998860
               37             7              53            1                0.936521
               37             7              54            1                0.937939
               38             6              39            6                0.928799
               38             6              42            6                0.912852
               38             6              55            1                0.951170
               39             6              40            8                1.214607
               39             6              41            8                2.081363
               40             8              56            1                0.858153
               42             6              43            1                0.976048
               42             6              44            1                0.990435
               42             6              45            6                0.906654
               45             6              46            7                1.084954
               45             6              50            6                1.604549
               46             7              47            6                1.273346
               46             7              52            1                0.922787
               47             6              48            1                0.943283
               47             6              49            7                1.485503
               49             7              50            6                1.237707
               50             6              51            1                0.968795
               57             8              58            8                1.278452
# -----------------------------------------------------------
$ CIS_ABS
   description: The CIS absorption spectrum 
   geom. index: 1
   prop. index: 1
        Number of roots:  60
        The CIS Absorption Spectrum :
                  0          1          2          3          4          5    
      0       0.029113   0.000004   0.000214   0.005904   0.013357   0.000827
      1       0.044665   0.000044   0.001474   0.018181   0.033253   0.006118
      2       0.047377   0.000310   0.009804  -0.045570  -0.086438  -0.015994
      3       0.052074   0.000133   0.003836   0.024597   0.055550   0.012040
      4       0.053792   0.001334   0.037207   0.165135  -0.074420  -0.066325
      5       0.091521   0.000517   0.008468  -0.082950   0.037330   0.013902
      6       0.091681   0.002078   0.033995  -0.086447  -0.160783  -0.025905
      7       0.094736   0.003659   0.057938  -0.072547   0.074984  -0.216917
      8       0.095144   0.000000   0.000005  -0.000787  -0.001878   0.000903
      9       0.098655   0.008972   0.136416   0.113053  -0.117158   0.331525
     10       0.103588   0.002279   0.033005   0.129599  -0.087960   0.092043
     11       0.104195   0.000247   0.003551  -0.035123  -0.046613  -0.012020
     12       0.104957   0.002150   0.030730  -0.026455   0.039482  -0.168733
     13       0.108534   0.000180   0.002482  -0.024119  -0.043560  -0.001641
     14       0.109270   0.000766   0.010513   0.051377   0.087887   0.012216
     15       0.112502   0.004647   0.061963   0.111003   0.222396   0.013468
     16       0.112922   0.000448   0.005949   0.051452  -0.007588  -0.056960
     17       0.114938   0.019367   0.252756   0.081780  -0.096395   0.486596
     18       0.115431   0.002631   0.034185  -0.032615   0.046770  -0.175881
     19       0.118112   0.001068   0.013561   0.050898   0.104363   0.008863
     20       0.120522   0.002888   0.035945   0.161926  -0.097518  -0.014672
     21       0.125930   0.007250   0.086361   0.250952  -0.132241  -0.076787
     22       0.127000   0.005458   0.064462  -0.105514  -0.220846  -0.067496
     23       0.127074   0.007999   0.094423   0.179901  -0.032540  -0.246982
     24       0.137364   0.589438   6.436599  -2.239285   0.983886   0.673923
     25       0.137661   0.293077   3.193465  -0.661141  -1.632752  -0.300798
     26       0.140231   0.144444   1.545072   0.747635   0.982749   0.142539
     27       0.140353   0.019565   0.209093   0.059279   0.448451   0.066859
     28       0.140472   0.056475   0.603053  -0.664296   0.328424   0.232167
     29       0.140905   0.178319   1.898299   0.605425   1.220246   0.206781
     30       0.141516   0.003639   0.038569   0.069976  -0.028511   0.181271
     31       0.144585   0.199597   2.070715  -0.686889  -1.247970  -0.203642
     32       0.145709   0.101858   1.048577  -0.871757   0.452270   0.289946
     33       0.146756   0.001772   0.018114  -0.052103  -0.069268  -0.102962
     34       0.147799   0.004677   0.047469   0.113049   0.145275   0.116552
     35       0.149651   0.005225   0.052370   0.033980   0.117344  -0.193509
     36       0.150373   0.021038   0.209857   0.213552   0.394015   0.094895
     37       0.151720   0.008406   0.083108   0.262620  -0.079255  -0.088643
     38       0.152661   0.002801   0.027522   0.134677  -0.068760  -0.068239
     39       0.153155   0.000269   0.002633   0.026300  -0.007011   0.043504
     40       0.153553   0.001149   0.011222  -0.020529   0.053175  -0.089291
     41       0.155119   0.000815   0.007876  -0.001189   0.006838   0.088477
     42       0.156170   0.000405   0.003887  -0.056350   0.026670   0.000080
     43       0.157823   0.001004   0.009543   0.088526  -0.027663  -0.030675
     44       0.158967   0.054790   0.516994  -0.665514   0.230824   0.144241
     45       0.159161   0.045043   0.424507  -0.223074   0.581167   0.192328
     46       0.159609   0.379469   3.566245  -1.670582   0.711394   0.518960
     47       0.160163   0.001324   0.012404   0.021161   0.108703   0.011840
     48       0.160622   0.263564   2.461340  -0.801290  -1.333591  -0.202015
     49       0.160855   0.233712   2.179405  -0.607734  -1.323786  -0.240116
     50       0.163267   0.003746   0.034416  -0.071912  -0.168606  -0.028585
     51       0.165143   0.001152   0.010465  -0.084839  -0.050872  -0.026064
     52       0.165636   0.007483   0.067766   0.214161  -0.139692   0.048867
     53       0.166566   0.000482   0.004341  -0.017231  -0.059567  -0.022275
     54       0.167075   0.084625   0.759767  -0.748527   0.363219   0.259896
     55       0.168136   0.056523   0.504266  -0.601546   0.286956   0.245081
     56       0.169309   0.001510   0.013376  -0.032473  -0.003512   0.110948
     57       0.172248   0.002952   0.025708   0.076717   0.111515   0.085947
     58       0.173179   0.005473   0.047406   0.067408   0.201642   0.046931
     59       0.173535   0.236128   2.041047  -0.700044  -1.233375  -0.172544
        The CIS Absorption Spectrum (Velocity):
                  0          1          2          3          4          5    
      0       0.029113   0.003903   0.000170   0.005996   0.011462   0.001758
      1       0.044665   0.003557   0.000238   0.007306   0.013432   0.002118
      2       0.047377   0.003868   0.000275  -0.007465  -0.014588  -0.002519
      3       0.052074   0.002003   0.000156   0.004892   0.011225   0.002556
      4       0.053792   0.018092   0.001460   0.032621  -0.015071  -0.012982
      5       0.091521   0.001581   0.000217   0.012388  -0.005572  -0.005700
      6       0.091681   0.000003   0.000000  -0.000242   0.000618   0.000051
      7       0.094736   0.047291   0.006720  -0.023309   0.024260  -0.074755
      8       0.095144   0.000022   0.000003  -0.000713  -0.001612   0.000202
      9       0.098655   0.103236   0.015277   0.030296  -0.033804   0.114964
     10       0.103588   0.017299   0.002688   0.028220  -0.021291   0.037924
     11       0.104195   0.000124   0.000019  -0.003203  -0.002270  -0.002004
     12       0.104957   0.007820   0.001231  -0.009487   0.010024  -0.032260
     13       0.108534   0.000026   0.000004   0.001040   0.001716   0.000481
     14       0.109270   0.000535   0.000088   0.004979   0.007872   0.000972
     15       0.112502   0.005276   0.000890   0.011506   0.027530   0.000136
     16       0.112922   0.002268   0.000384   0.008453  -0.001935  -0.017578
     17       0.114938   0.040951   0.007060   0.038072  -0.029238   0.068963
     18       0.115431   0.006871   0.001190  -0.009170   0.021389  -0.025459
     19       0.118112   0.000801   0.000142   0.004572   0.010827  -0.001943
     20       0.120522   0.010852   0.001962   0.015074  -0.009869   0.040464
     21       0.125930   0.003335   0.000630   0.021701  -0.011630  -0.004871
     22       0.127000   0.002599   0.000495  -0.011955  -0.017648  -0.006386
     23       0.127074   0.006121   0.001167  -0.004327   0.013652  -0.031009
     24       0.137364   0.213272   0.043944  -0.184108   0.081799   0.057939
     25       0.137661   0.086210   0.017802  -0.047795  -0.123130  -0.018871
     26       0.140231   0.038565   0.008112   0.053678   0.071990   0.006939
     27       0.140353   0.004925   0.001037   0.009605   0.030416   0.004409
     28       0.140472   0.017735   0.003737  -0.052749   0.026396   0.016055
     29       0.140905   0.042316   0.008944   0.040303   0.084989   0.009809
     30       0.141516   0.013046   0.002769   0.029517  -0.021778   0.037732
     31       0.144585   0.062844   0.013629  -0.056175  -0.101725  -0.011217
     32       0.145709   0.041132   0.008990  -0.079874   0.040831   0.030707
     33       0.146756   0.000810   0.000178  -0.000983  -0.006988   0.011333
     34       0.147799   0.002845   0.000631   0.016182   0.007172   0.017817
     35       0.149651   0.005511   0.001237  -0.005374   0.021693  -0.027161
     36       0.150373   0.009560   0.002156   0.022650   0.039525   0.009003
     37       0.151720   0.004696   0.001069   0.030736  -0.010947  -0.002031
     38       0.152661   0.002368   0.000542   0.020214  -0.010184   0.005481
     39       0.153155   0.000157   0.000036   0.005295  -0.002824  -0.000034
     40       0.153553   0.001713   0.000395  -0.002793   0.014121  -0.013688
     41       0.155119   0.002428   0.000565  -0.011531   0.006052  -0.019881
     42       0.156170   0.000168   0.000039  -0.005372   0.003144   0.000708
     43       0.157823   0.000324   0.000077   0.008638  -0.000164  -0.001409
     44       0.158967   0.013427   0.003202  -0.050755   0.020434   0.014424
     45       0.159161   0.007473   0.001784  -0.020490   0.035250   0.011037
     46       0.159609   0.077695   0.018601  -0.121706   0.053706   0.030076
     47       0.160163   0.000203   0.000049   0.002467   0.006407   0.001300
     48       0.160622   0.045964   0.011074  -0.057482  -0.087950  -0.005916
     49       0.160855   0.041057   0.009906  -0.036133  -0.091336  -0.016080
     50       0.163267   0.002704   0.000662  -0.011101  -0.020827  -0.010261
     51       0.165143   0.000160   0.000040  -0.005644  -0.002176   0.001748
     52       0.165636   0.001851   0.000460   0.016407  -0.008991  -0.010478
     53       0.166566   0.000068   0.000017  -0.001658  -0.003451  -0.001507
     54       0.167075   0.011805   0.002959  -0.047825   0.023742   0.010374
     55       0.168136   0.005228   0.001319  -0.032423   0.015227   0.005957
     56       0.169309   0.000039   0.000010  -0.003088  -0.000025  -0.000530
     57       0.172248   0.000703   0.000182   0.008828   0.009939   0.002194
     58       0.173179   0.000477   0.000124   0.003497   0.010547   0.000657
     59       0.173535   0.017760   0.004623  -0.032934  -0.059160  -0.006195
# -----------------------------------------------------------
$ CIS_CD
   description: The CIS CD spectrum 
   geom. index: 1
   prop. index: 1
        Number of roots:  60
        The CIS CD Spectrum:
                  0          1          2          3    
      0      -0.539685   0.540178  -0.345734   0.343538
      1       0.077997  -0.024587  -0.020075   0.209230
      2      -0.448271  -0.277296   0.107601   0.267980
      3       0.977311  -0.313138   0.164735   0.051835
      4      -0.656994  -0.010684   0.003193  -0.009172
      5      -0.034850   0.004139   0.008907  -0.004535
      6       0.172255  -0.006754   0.002112  -0.004676
      7      -0.215273   0.304831   0.607487   0.110151
      8       0.513985   0.132647  -0.214512   0.876740
      9       0.002535   0.280403   0.453290   0.064585
     10       1.309680   0.084981   0.128265   0.033100
     11      -0.954048   0.031130  -0.102930   0.476572
     12      -0.230121  -0.032409  -0.054762  -0.004840
     13      -0.422349   0.616869  -0.318579  -0.063966
     14      -0.461588  -0.039768  -0.044632   0.408207
     15      -0.094357   0.095331  -0.042291  -0.102231
     16       0.163526  -0.002096   0.002513  -0.008317
     17       5.987895   0.053855   0.080610   0.033019
     18      -7.183140  -0.033929  -0.039721   0.082357
     19      -1.431626   0.085049  -0.099849   0.344713
     20       2.720268   0.018311  -0.030998   0.014854
     21       0.774933  -0.073531  -0.137533  -0.024861
     22       1.038325  -0.045280   0.014151  -0.008148
     23      -0.290852  -0.042137  -0.087934  -0.016609
     24     -33.628755   0.014240  -0.051438   0.016571
     25      25.972272   0.221054  -0.115969  -0.039526
     26     -11.906360   0.087793  -0.087607  -0.033644
     27       8.469290   0.071470   0.030737  -0.000840
     28      -4.830761   0.081398   0.112632   0.029438
     29       3.859302   0.055651  -0.003315  -0.103788
     30       1.159555   0.041983   0.073259   0.008884
     31      -1.038157  -0.042698   0.031798  -0.040030
     32      -2.219405   0.012424   0.002679   0.016940
     33      -0.710689   0.018880   0.022622  -0.010132
     34      -0.202796   0.005080   0.028771  -0.044478
     35       3.540777  -0.021101  -0.026413  -0.058533
     36      -2.314241  -0.038848   0.072052  -0.263473
     37      -0.038972  -0.002744   0.012101  -0.018017
     38       0.496199   0.013927   0.005991   0.006026
     39      -0.611753  -0.006111  -0.002882  -0.026597
     40       0.162529  -0.008514  -0.024453  -0.016466
     41      -0.278492  -0.034132  -0.032849  -0.004596
     42      -0.046978   0.013712   0.025308  -0.024254
     43      -0.996280   0.012769  -0.031396   0.134056
     44      -5.263243   0.023070  -0.003999   0.035443
     45       3.791524  -0.061482   0.071587  -0.245812
     46       0.236437   0.017082  -0.014264   0.075509
     47      -0.746539   0.014144  -0.020719   0.031205
     48      -2.334595  -0.001818   0.008673  -0.025527
     49       4.509665  -0.011522   0.005746  -0.042353
     50      -0.170988  -0.028314   0.008890   0.031480
     51       2.240539  -0.021592   0.059197  -0.227594
     52      -2.505936  -0.023090  -0.018830  -0.061409
     53      -0.205282  -0.034225   0.027396  -0.027237
     54      -0.196112   0.012469   0.021796   0.003851
     55      -0.345788  -0.031496  -0.062904  -0.006646
     56      -0.787324   0.022355  -0.013068  -0.008923
     57      -2.439080   0.011757  -0.023546  -0.040138
     58      -1.566669  -0.010079  -0.013760   0.002789
     59       6.003202  -0.041352   0.016480  -0.023829
# -----------------------------------------------------------
$ Calculation_Info
   description: Details of the calculation
   geom. index: 1
   prop. index: 1
     Multiplicity:                          1
     Charge:                                0
     number of atoms:                       59
     number of electrons:                   0
     number of frozen core electrons:       1
     number of correlated electrons:        0
     number of basis functions:             1318
     number of aux C basis functions:       0
     number of aux J basis functions:       2133
     number of aux JK basis functions:      0
     number of aux CABS basis functions:    0
     Total Energy                           -2950.849675
# -----------------------------------------------------------
$ SCF_Electric_Properties
   description: The SCF Calculated Electric Properties
   geom. index: 1
   prop. index: 1
       Filename                          : Fe_O2_Porphyrin_UVis.scfp 
       Do Dipole Moment Calculation      : true 
       Do Quadrupole Moment Calculation  : false 
       Do Polarizability Calculation     : false 
** Dipole moment part of electric properties **
        Magnitude of dipole moment (Debye) :        8.5523412547
        Electronic Contribution:
                  0    
      0      -3.277204
      1       0.927826
      2     -20.401746
        Nuclear Contribution:
                  0    
      0       4.663206
      1      -2.469962
      2      23.051633
        Total Dipole moment:
                  0    
      0       1.386002
      1      -1.542136
      2       2.649887
# -------------------------------------------------------------
----------------------- !GEOMETRIES! ------------------------
# -------------------------------------------------------------
------------------------ !GEOMETRY! -------------------------
    Number of atoms:    59 
    Geometry Index:     1 
    Coordinates:
               0 C      4.034689575387    1.564428319995    0.146052648876
               1 C      4.404679153750    0.342303802879   -0.312065157628
               2 C      3.211918324279   -0.464303477058   -0.350538530643
               3 C      2.613988349102    1.508072002154    0.377362421079
               4 N      2.136655431877    0.266280859908    0.068336834201
               5 C      1.854440046915    2.571747125407    0.830139975329
               6 C      0.482863486143    2.555197340504    1.014137864098
               7 N     -0.339731225321    1.484199306688    0.807314533037
               8 C     -1.608755510903    1.918304920167    1.074861051809
               9 C     -0.288811199688    3.697624845730    1.428793601804
              10 C     -1.587196393589    3.304167636652    1.458695767581
              11 C     -2.749575695600    1.138819517965    1.026557469050
              12 C     -2.767433360554   -0.210343157577    0.725385101119
              13 N     -1.671316914712   -0.966318365129    0.412611836825
              14 C     -3.548052701628   -2.294950166588    0.445225284299
              15 C     -3.947542750345   -1.032368639182    0.741439596367
              16 C      0.005560972135   -3.302753843421   -0.382957183608
              17 N      0.802317737797   -2.195428445344   -0.317533696409
              18 C      2.054239816990   -2.601387852795   -0.681511258609
              19 C      2.048566456050   -4.008530724246   -0.989752093389
              20 C      0.778736022432   -4.445351184982   -0.797560007220
              21 C      3.180897822410   -1.798549622788   -0.715966129285
              22 C     -1.351544379210   -3.335089313563   -0.117030734933
              23 C     -2.124522704917   -2.242780362621    0.235741436631
              24 H      4.648769486833    2.435989140673    0.312694870372
              25 H      5.386999458898   -0.002607064050   -0.595920132491
              26 H      2.370972626375    3.500091179468    1.035684928631
              27 H      0.126708731234    4.667871018110    1.653487419504
              28 H     -2.460694245560    3.881804451429    1.718792020527
              29 H     -3.692201045400    1.613053172697    1.265081812493
              30 H     -4.146452776784   -3.189104214686    0.362559746719
              31 H     -4.941586105461   -0.672997025491    0.958347639260
              32 H      2.914360877922   -4.570187231973   -1.305107472003
              33 H      0.381289824846   -5.440359675915   -0.925968772283
              34 H      4.111901433138   -2.255623078503   -1.023993285133
              35 H     -1.855036227676   -4.287891221832   -0.214733947914
              36 Fe     0.209303590864   -0.334376052835    0.203545323215
              37 N      1.874301671309    0.572371203198    6.496097555889
              38 C      0.432619108241    0.373893427085    6.480354130154
              39 C     -0.152333875710    0.397671395235    7.880481778257
              40 O      0.669634294559   -0.126929549073    8.801943485711
              41 O     -1.264276587187    0.794934383503    8.139426232209
              42 C     -0.062728440147   -0.934090738670    5.792501459438
              43 H     -1.151524912423   -0.972326965598    5.853240767071
              44 H      0.331477982819   -1.793177804933    6.342075754570
              45 C      0.347813051458   -1.011941647983    4.366379584536
              46 N      1.539108366084   -1.568707191557    3.948739016731
              47 C      1.630002625568   -1.440803997014    2.612691404589
              48 H      2.462214471933   -1.800141614995    2.034559619174
              49 N      0.561994496937   -0.824286862721    2.143657836975
              50 C     -0.245330434086   -0.552141729559    3.224584003605
              51 H     -1.190726400810   -0.051992891735    3.117804611527
              52 H      2.224512351393   -2.014054082846    4.539638835623
              53 H      2.217490067596    0.689095621670    5.549555462500
              54 H      2.350253059820   -0.228899052141    6.897236338323
              55 H     -0.019331148577    1.214708151548    5.953544957350
              56 H      0.218251182260   -0.117494087231    9.663551940582
              57 O     -1.038124240358    0.673468149965   -1.930617449311
              58 O     -0.015652678706    0.053811964006   -1.488938106778
